8 8
0.002 0.087 0.1695 0.082503 0.262 0.083003 0.3855 0.090001 0.499125 0.093502 0.6255 0.094003 0.733999 0.088502 0.836 0.079505 0.997 0.0785 
0.005 0.21 0.142925 0.202226 0.261415 0.200724 0.381979 0.202558 0.500844 0.203997 0.621668 0.203932 0.739001 0.201849 0.858482 0.199759 0.9945 0.2025 
0.007 0.315002 0.135786 0.315679 0.258755 0.315109 0.380159 0.31551 0.500602 0.315994 0.621329 0.315881 0.741853 0.315203 0.864429 0.315184 0.991999 0.318502 
0.009 0.437003 0.134466 0.430377 0.257658 0.428523 0.379301 0.428378 0.500075 0.428588 0.621192 0.428395 0.742653 0.427896 0.865382 0.427272 0.989999 0.425503 
0.01125 0.544752 0.135419 0.540304 0.25811 0.540228 0.379311 0.540892 0.499207 0.541587 0.620711 0.541213 0.742185 0.540716 0.864445 0.540503 0.987749 0.542752 
0.0135 0.630494 0.137851 0.645858 0.260053 0.651193 0.380626 0.653376 0.500236 0.654272 0.620261 0.654153 0.740932 0.653253 0.862466 0.651272 0.984999 0.646494 
0.0155 0.753497 0.142433 0.761441 0.263623 0.76531 0.382905 0.767146 0.500848 0.767973 0.619164 0.767874 0.738815 0.766872 0.859486 0.764839 0.983499 0.762496 
0.019 0.885498 0.152759 0.881099 0.269101 0.881459 0.386524 0.881926 0.501089 0.882599 0.616732 0.882499 0.735678 0.881521 0.853166 0.878714 0.979999 0.871498 
0.0245 0.994 0.1805 0.996 0.2735 0.9975 0.393 0.9965 0.50025 0.998 0.610999 0.998 0.733999 0.998 0.837499 0.997 0.976499 0.9975 
