8 8
0.27225 0.019 0.3985 0.0165 0.522499 0.016 0.647501 0.016 0.764011 0.0145 0.880013 0.013 1.0005 0.0145 1.1175 0.0135 1.249 0.0135 
0.27725 0.14675 0.39962 0.140932 0.522081 0.138471 0.644172 0.137357 0.763724 0.136472 0.882739 0.135979 1.00298 0.136643 1.12364 0.13765 1.24749 0.1405 
0.28025 0.267 0.400649 0.262008 0.522034 0.259595 0.643381 0.258484 0.763973 0.258052 0.884241 0.257801 1.00504 0.258444 1.12658 0.259958 1.24949 0.262 
0.279 0.3795 0.400691 0.380506 0.522027 0.379415 0.643345 0.378934 0.764546 0.379451 0.885216 0.378727 1.00635 0.379374 1.12815 0.381736 1.25049 0.387 
0.28075 0.507 0.40109 0.501102 0.522036 0.498626 0.643425 0.498386 0.765651 0.502089 0.885726 0.498285 1.00699 0.498589 1.12919 0.500614 1.2525 0.500875 
0.2805 0.618749 0.400882 0.618274 0.521602 0.615603 0.642667 0.613893 0.764025 0.613917 0.885044 0.613733 1.00671 0.616082 1.12912 0.621256 1.252 0.6295 
0.28075 0.746749 0.400337 0.737642 0.520824 0.731618 0.641616 0.727667 0.762737 0.725953 0.883715 0.72665 1.00569 0.730748 1.12856 0.73883 1.254 0.750499 
0.284 0.856999 0.398894 0.853925 0.519739 0.845561 0.640237 0.839202 0.761591 0.83558 0.881391 0.836165 1.00376 0.841432 1.12546 0.852815 1.254 0.875499 
0.27225 0.99975 0.3915 0.9755 0.519 0.9575 0.638001 0.947999 0.762001 0.940999 0.8765 0.940999 1.0025 0.945999 1.1155 0.955499 1.2535 0.978998 
