8 8
0.08725 0.023625 0.212749 0.017 0.292499 0.017 0.3915 0.01575 0.481 0.01475 0.571502 0.013 0.675752 0.011 0.762002 0.00925 0.877501 0.01075 
0.099 0.133 0.202698 0.138203 0.295571 0.138913 0.390107 0.138226 0.482823 0.137185 0.576339 0.135832 0.673227 0.134265 0.768023 0.132318 0.869251 0.1285 
0.1085 0.2695 0.203472 0.263899 0.29698 0.262224 0.390535 0.261055 0.483846 0.259931 0.577804 0.258879 0.672795 0.257908 0.767611 0.257258 0.863001 0.258 
0.1135 0.383 0.205711 0.385668 0.298343 0.38503 0.391207 0.383838 0.484221 0.382606 0.578237 0.381844 0.672539 0.381233 0.766625 0.380804 0.860251 0.38 
0.1165 0.51575 0.207529 0.510743 0.299473 0.508389 0.391728 0.506662 0.483595 0.50481 0.578383 0.50466 0.672497 0.504374 0.766101 0.504724 0.858752 0.508 
0.1175 0.6365 0.208431 0.633163 0.30029 0.631123 0.39264 0.629609 0.485425 0.628349 0.579204 0.627613 0.672966 0.626879 0.766528 0.62572 0.859752 0.622 
0.11625 0.75575 0.208407 0.754288 0.300617 0.753329 0.393114 0.752304 0.486263 0.751365 0.580041 0.750561 0.673635 0.74981 0.767294 0.749277 0.862752 0.751251 
0.1115 0.870499 0.208329 0.87491 0.300658 0.875601 0.392936 0.874913 0.486472 0.874246 0.581063 0.873458 0.67424 0.872523 0.766259 0.870325 0.868752 0.86325 
0.10175 0.998751 0.21275 0.999251 0.30075 0.999251 0.3915 0.9975 0.485625 0.99725 0.5835 0.9965 0.676001 0.9965 0.754751 0.99625 0.88075 0.99875 
