8 8
0.258001 0.004 0.3905 0.001 0.5115 0.003 0.630503 0.003 0.745002 0.0035 0.864995 0.002 0.989494 0.004 1.119 0.0025 1.2475 0.003 
0.26 0.1275 0.385398 0.125956 0.507957 0.125513 0.628681 0.125143 0.748103 0.125096 0.869269 0.125094 0.99267 0.126851 1.11782 0.13077 1.242 0.1435 
0.2585 0.253 0.383134 0.24981 0.50625 0.247953 0.62816 0.246964 0.749459 0.246646 0.87131 0.246428 0.994099 0.24754 1.1176 0.250231 1.241 0.253 
0.258 0.376 0.382388 0.372332 0.50575 0.369525 0.62825 0.368115 0.750263 0.368097 0.872411 0.366432 0.994815 0.366649 1.11749 0.369614 1.2405 0.377 
0.2585 0.498 0.382667 0.493993 0.506111 0.489699 0.628829 0.487874 0.750933 0.491194 0.873255 0.484556 0.995256 0.483011 1.11705 0.484574 1.2385 0.49125 
0.2595 0.6295 0.383671 0.615942 0.507196 0.607402 0.630021 0.602489 0.75236 0.600432 0.874423 0.597585 0.9959 0.596264 1.11696 0.594423 1.2375 0.584501 
0.2595 0.7465 0.385322 0.732873 0.508982 0.721481 0.631699 0.714246 0.754062 0.71046 0.876175 0.709089 0.996957 0.710036 1.1174 0.712352 1.2365 0.713001 
0.2615 0.8755 0.389133 0.847568 0.511712 0.831401 0.633731 0.822555 0.756013 0.818073 0.87926 0.818275 0.998351 0.82244 1.11919 0.831948 1.2335 0.8485 
0.2625 0.978 0.398 0.9505 0.515 0.934 0.6355 0.9265 0.757 0.921 0.8865 0.9235 0.998 0.9295 1.1275 0.9445 1.23225 0.96575 
